Iteration: 220
Timestamp: 2025-08-18 15:08:26.597592
Data: {'phase': 'EXTREME_FEATURE_ENG', 'progress': '100/180', 'global': '220/1300', 'accuracy': 71.35767828741945, 'duration': 12.537847995758057, 'elapsed': '0:42:17.304437'}
