Iteration: 425
Timestamp: 2025-08-18 15:55:26.460194
Data: {'phase': 'HYPERPARAMETER_HELL', 'progress': '125/200', 'global': '425/1300', 'accuracy': 71.14481814106315, 'duration': 14.648705959320068, 'elapsed': '1:29:17.166975'}
