Iteration: 700
Timestamp: 2025-08-18 17:05:52.991804
Data: {'phase': 'NEURAL_NIGHTMARE', 'progress': '200/250', 'global': '700/1300', 'accuracy': 72.56086335077588, 'duration': 15.660133123397827, 'elapsed': '2:39:43.698663'}
