Iteration: 475
Timestamp: 2025-08-18 16:07:39.366854
Data: {'phase': 'HYPERPARAMETER_HELL', 'progress': '175/200', 'global': '475/1300', 'accuracy': 71.82167423821016, 'duration': 14.664944171905518, 'elapsed': '1:41:30.073626'}
