Iteration: 50
Timestamp: 2025-08-18 14:35:01.583609
Data: {'phase': 'MEGA_PREPROCESSING', 'progress': '50/120', 'global': '50/1300', 'accuracy': 69.1348334997682, 'duration': 10.863258123397827, 'elapsed': '0:08:52.290457'}
