Iteration: 350
Timestamp: 2025-08-18 15:37:19.045182
Data: {'phase': 'HYPERPARAMETER_HELL', 'progress': '50/200', 'global': '350/1300', 'accuracy': 70.58521620602987, 'duration': 14.623383045196533, 'elapsed': '1:11:09.752039'}
