Iteration: 550
Timestamp: 2025-08-18 16:26:40.200760
Data: {'phase': 'NEURAL_NIGHTMARE', 'progress': '50/250', 'global': '550/1300', 'accuracy': 72.42316730907602, 'duration': 15.597721099853516, 'elapsed': '2:00:30.907612'}
