Iteration: 1100
Timestamp: 2025-08-18 18:43:17.786344
Data: {'phase': 'VALIDATION_VORTEX', 'progress': '150/150', 'global': '1100/1300', 'accuracy': 73.24527182508334, 'duration': 13.249739170074463, 'elapsed': '4:17:08.493192'}
