Iteration: 950
Timestamp: 2025-08-18 18:10:04.091813
Data: {'phase': 'ENSEMBLE_EXTREME', 'progress': '200/200', 'global': '950/1300', 'accuracy': 72.82574759113487, 'duration': 15.578115224838257, 'elapsed': '3:43:54.798664'}
