Iteration: 525
Timestamp: 2025-08-18 16:20:12.020137
Data: {'phase': 'NEURAL_NIGHTMARE', 'progress': '25/250', 'global': '525/1300', 'accuracy': 70.65544259759935, 'duration': 15.234797716140747, 'elapsed': '1:54:02.726895'}
