Iteration: 270
Timestamp: 2025-08-18 15:19:01.660225
Data: {'phase': 'EXTREME_FEATURE_ENG', 'progress': '150/180', 'global': '270/1300', 'accuracy': 70.93712331105256, 'duration': 12.644643068313599, 'elapsed': '0:52:52.367082'}
