Iteration: 295
Timestamp: 2025-08-18 15:24:17.127046
Data: {'phase': 'EXTREME_FEATURE_ENG', 'progress': '175/180', 'global': '295/1300', 'accuracy': 70.88872162717273, 'duration': 12.646820306777954, 'elapsed': '0:58:07.833814'}
