Iteration: 1075
Timestamp: 2025-08-18 18:37:50.314739
Data: {'phase': 'VALIDATION_VORTEX', 'progress': '125/150', 'global': '1075/1300', 'accuracy': 72.78200468775796, 'duration': 13.279907941818237, 'elapsed': '4:11:41.021533'}
