Iteration: 245
Timestamp: 2025-08-18 15:13:43.361331
Data: {'phase': 'EXTREME_FEATURE_ENG', 'progress': '125/180', 'global': '245/1300', 'accuracy': 70.99911912327194, 'duration': 12.41440200805664, 'elapsed': '0:47:34.068109'}
