Iteration: 825
Timestamp: 2025-08-18 17:38:05.102215
Data: {'phase': 'ENSEMBLE_EXTREME', 'progress': '75/200', 'global': '825/1300', 'accuracy': 72.05225592357216, 'duration': 15.213636875152588, 'elapsed': '3:11:55.808730'}
