Iteration: 1295
Timestamp: 2025-08-18 19:31:23.784282
Data: {'phase': 'FINAL_FURY', 'progress': '75/80', 'global': '1295/1300', 'accuracy': 75.3242486301782, 'duration': 19.653040170669556, 'elapsed': '5:05:14.491055'}
