Iteration: 675
Timestamp: 2025-08-18 16:59:16.926855
Data: {'phase': 'NEURAL_NIGHTMARE', 'progress': '175/250', 'global': '675/1300', 'accuracy': 71.77874985673604, 'duration': 15.721299409866333, 'elapsed': '2:33:07.633637'}
