Iteration: 750
Timestamp: 2025-08-18 17:19:05.935476
Data: {'phase': 'NEURAL_NIGHTMARE', 'progress': '250/250', 'global': '750/1300', 'accuracy': 72.37011699878369, 'duration': 15.905537128448486, 'elapsed': '2:52:56.642327'}
