Iteration: 195
Timestamp: 2025-08-18 15:03:11.833463
Data: {'phase': 'EXTREME_FEATURE_ENG', 'progress': '75/180', 'global': '195/1300', 'accuracy': 70.38389689977716, 'duration': 12.36864686012268, 'elapsed': '0:37:02.540249'}
