Iteration: 900
Timestamp: 2025-08-18 17:57:14.197463
Data: {'phase': 'ENSEMBLE_EXTREME', 'progress': '150/200', 'global': '900/1300', 'accuracy': 71.2288472003723, 'duration': 15.444591760635376, 'elapsed': '3:31:04.904322'}
