Iteration: 925
Timestamp: 2025-08-18 18:03:38.776004
Data: {'phase': 'ENSEMBLE_EXTREME', 'progress': '175/200', 'global': '925/1300', 'accuracy': 72.9541261266599, 'duration': 15.319931983947754, 'elapsed': '3:37:29.482776'}
