Iteration: 1125
Timestamp: 2025-08-18 18:48:16.337547
Data: {'phase': 'BACKTEST_BEAST', 'progress': '25/120', 'global': '1125/1300', 'accuracy': 72.43763812955589, 'duration': 12.129221200942993, 'elapsed': '4:22:07.044319'}
