Iteration: 1000
Timestamp: 2025-08-18 18:21:36.314492
Data: {'phase': 'VALIDATION_VORTEX', 'progress': '50/150', 'global': '1000/1300', 'accuracy': 71.70353739404852, 'duration': 13.055729150772095, 'elapsed': '3:55:27.021346'}
