Iteration: 800
Timestamp: 2025-08-18 17:31:43.092676
Data: {'phase': 'ENSEMBLE_EXTREME', 'progress': '50/200', 'global': '800/1300', 'accuracy': 73.18846207306517, 'duration': 15.250848054885864, 'elapsed': '3:05:33.799535'}
