Iteration: 975
Timestamp: 2025-08-18 18:15:49.563383
Data: {'phase': 'VALIDATION_VORTEX', 'progress': '25/150', 'global': '975/1300', 'accuracy': 72.34740119851969, 'duration': 13.731359958648682, 'elapsed': '3:49:40.270177'}
