Iteration: 450
Timestamp: 2025-08-18 16:01:32.518450
Data: {'phase': 'HYPERPARAMETER_HELL', 'progress': '150/200', 'global': '450/1300', 'accuracy': 71.3449685306909, 'duration': 14.9531991481781, 'elapsed': '1:35:23.225304'}
