Iteration: 500
Timestamp: 2025-08-18 16:13:47.368576
Data: {'phase': 'HYPERPARAMETER_HELL', 'progress': '200/200', 'global': '500/1300', 'accuracy': 72.12897394179416, 'duration': 13.885824918746948, 'elapsed': '1:47:38.075427'}
