Iteration: 25
Timestamp: 2025-08-18 14:30:34.318300
Data: {'phase': 'MEGA_PREPROCESSING', 'progress': '25/120', 'global': '25/1300', 'accuracy': 70.48605809283237, 'duration': 10.830331325531006, 'elapsed': '0:04:25.025089'}
