Iteration: 725
Timestamp: 2025-08-18 17:12:28.413992
Data: {'phase': 'NEURAL_NIGHTMARE', 'progress': '225/250', 'global': '725/1300', 'accuracy': 71.05867417100832, 'duration': 15.944105863571167, 'elapsed': '2:46:19.120763'}
