Iteration: 1150
Timestamp: 2025-08-18 18:53:17.570095
Data: {'phase': 'BACKTEST_BEAST', 'progress': '50/120', 'global': '1150/1300', 'accuracy': 72.92627870722812, 'duration': 12.117406368255615, 'elapsed': '4:27:08.276944'}
