Iteration: 145
Timestamp: 2025-08-18 14:52:49.961312
Data: {'phase': 'EXTREME_FEATURE_ENG', 'progress': '25/180', 'global': '145/1300', 'accuracy': 69.23990381854304, 'duration': 12.139877080917358, 'elapsed': '0:26:40.668091'}
