Iteration: 1050
Timestamp: 2025-08-18 18:32:24.392010
Data: {'phase': 'VALIDATION_VORTEX', 'progress': '100/150', 'global': '1050/1300', 'accuracy': 73.97164339801583, 'duration': 12.963824033737183, 'elapsed': '4:06:15.098860'}
