Iteration: 775
Timestamp: 2025-08-18 17:25:23.994194
Data: {'phase': 'ENSEMBLE_EXTREME', 'progress': '25/200', 'global': '775/1300', 'accuracy': 71.75199362434516, 'duration': 15.10215711593628, 'elapsed': '2:59:14.700964'}
