Iteration: 650
Timestamp: 2025-08-18 16:52:43.147314
Data: {'phase': 'NEURAL_NIGHTMARE', 'progress': '150/250', 'global': '650/1300', 'accuracy': 73.90551744184049, 'duration': 15.591057062149048, 'elapsed': '2:26:33.854159'}
