Iteration: 375
Timestamp: 2025-08-18 15:43:20.174994
Data: {'phase': 'HYPERPARAMETER_HELL', 'progress': '75/200', 'global': '375/1300', 'accuracy': 71.99052980359676, 'duration': 14.173901081085205, 'elapsed': '1:17:10.881800'}
