Iteration: 325
Timestamp: 2025-08-18 15:31:20.443380
Data: {'phase': 'HYPERPARAMETER_HELL', 'progress': '25/200', 'global': '325/1300', 'accuracy': 70.84026129708744, 'duration': 14.168142795562744, 'elapsed': '1:05:11.150179'}
