Iteration: 400
Timestamp: 2025-08-18 15:49:23.168657
Data: {'phase': 'HYPERPARAMETER_HELL', 'progress': '100/200', 'global': '400/1300', 'accuracy': 71.10008729022624, 'duration': 14.686876058578491, 'elapsed': '1:23:13.875507'}
