Iteration: 600
Timestamp: 2025-08-18 16:39:39.409403
Data: {'phase': 'NEURAL_NIGHTMARE', 'progress': '100/250', 'global': '600/1300', 'accuracy': 72.1970063731995, 'duration': 15.812832117080688, 'elapsed': '2:13:30.116259'}
