Iteration: 170
Timestamp: 2025-08-18 14:58:00.433254
Data: {'phase': 'EXTREME_FEATURE_ENG', 'progress': '50/180', 'global': '170/1300', 'accuracy': 71.30671598080174, 'duration': 12.156140804290771, 'elapsed': '0:31:51.140099'}
