Iteration: 100
Timestamp: 2025-08-18 14:43:59.241550
Data: {'phase': 'MEGA_PREPROCESSING', 'progress': '100/120', 'global': '100/1300', 'accuracy': 69.28693899415833, 'duration': 11.036375999450684, 'elapsed': '0:17:49.948394'}
