Iteration: 850
Timestamp: 2025-08-18 17:44:27.831179
Data: {'phase': 'ENSEMBLE_EXTREME', 'progress': '100/200', 'global': '850/1300', 'accuracy': 71.42779983430238, 'duration': 15.50842809677124, 'elapsed': '3:18:18.538025'}
