Iteration: 875
Timestamp: 2025-08-18 17:50:50.573158
Data: {'phase': 'ENSEMBLE_EXTREME', 'progress': '125/200', 'global': '875/1300', 'accuracy': 72.57217620967154, 'duration': 15.331759691238403, 'elapsed': '3:24:41.279629'}
